0.7134972560 0.6998360349 -0.0339291891 0.0440825032 -0.6996870658 0.7142210817 0.0180625690 -0.0384555977 0.0368737789 0.0108522214 0.9992610038 0.0108468240 0.0000000000 0.0000000000 0.0000000000 1.0000000000
0.7160429864 0.6976072756 -0.0250305935 0.0499201294 -0.6976029312 0.7164098394 0.0103485418 -0.0314832602 0.0251513816 0.0100514146 0.9996331212 0.0137906559 0.0000000000 0.0000000000 0.0000000000 1.0000000000
0.7162046249 0.6974113201 -0.0258531596 0.0535957737 -0.6974281256 0.7165870365 0.0098503213 -0.0272961204 0.0253957646 0.0109758749 0.9996172194 0.0136406756 0.0000000000 0.0000000000 0.0000000000 1.0000000000
0.7153160844 0.6983667527 -0.0246328654 0.0510253742 -0.6983351950 0.7156818818 0.0112871340 -0.0240101322 0.0255118545 0.0091281284 0.9996328439 0.0106815626 0.0000000000 0.0000000000 0.0000000000 1.0000000000
0.7158599408 0.6978173086 -0.0244038707 0.0434549977 -0.6977657164 0.7162258985 0.0119777894 -0.0271740295 0.0258369929 0.0084537647 0.9996304235 0.0088298441 0.0000000000 0.0000000000 0.0000000000 1.0000000000
0.7155354212 0.6981357039 -0.0248112879 0.0405049568 -0.6980872351 0.7159121740 0.0119988026 -0.0300712334 0.0261394955 0.0087348751 0.9996201422 0.0080111925 0.0000000000 0.0000000000 0.0000000000 1.0000000000
0.7158865479 0.6977717135 -0.0249216044 0.0421949894 -0.6977336872 0.7162628569 0.0116284806 -0.0297731357 0.0259644443 0.0090639701 0.9996217745 0.0106740997 0.0000000000 0.0000000000 0.0000000000 1.0000000000
0.7152150035 0.6984409442 -0.0254508587 0.0465581074 -0.6983812584 0.7156143690 0.0126369592 -0.0304551556 0.0270391699 0.0087362599 0.9995961990 0.0108666757 0.0000000000 0.0000000000 0.0000000000 1.0000000000
0.7156004683 0.6980854631 -0.0243445255 0.0489984668 -0.6980698506 0.7159520702 0.0105411959 -0.0310442926 0.0247881691 0.0094508946 0.9996480517 0.0129848111 0.0000000000 0.0000000000 0.0000000000 1.0000000000
0.7149696998 0.6987075320 -0.0250222499 0.0507304007 -0.6986379673 0.7153595378 0.0128733191 -0.0314923172 0.0268945901 0.0082774607 0.9996040039 0.0112979014 0.0000000000 0.0000000000 0.0000000000 1.0000000000
0.7152951098 0.6983703603 -0.0251345522 0.0495220707 -0.6983284070 0.7156791603 0.0118648796 -0.0319201055 0.0262743554 0.0090652814 0.9996136648 0.0113149174 0.0000000000 0.0000000000 0.0000000000 1.0000000000
0.7155324959 0.6981290520 -0.0250813483 0.0485602845 -0.6980896038 0.7159140568 0.0117459892 -0.0300195457 0.0261563061 0.0091043915 0.9996164053 0.0103772181 0.0000000000 0.0000000000 0.0000000000 1.0000000000
0.7155918133 0.6980869494 -0.0245554031 0.0461061057 -0.6980446765 0.7159590644 0.0116725203 -0.0291399648 0.0257290975 0.0087880084 0.9996303239 0.0100340694 0.0000000000 0.0000000000 0.0000000000 1.0000000000
0.7154511063 0.6982150548 -0.0250090345 0.0446254030 -0.6981763579 0.7158303075 0.0116937630 -0.0286013757 0.0260669863 0.0090944009 0.9996188294 0.0100294664 0.0000000000 0.0000000000 0.0000000000 1.0000000000
0.7155046573 0.6981656717 -0.0248551844 0.0452058294 -0.6981299144 0.7158783303 0.0115255697 -0.0291603117 0.0258400450 0.0091055490 0.9996246201 0.0113386947 0.0000000000 0.0000000000 0.0000000000 1.0000000000
0.7156500253 0.6980125034 -0.0249717121 0.0459483445 -0.6979812818 0.7160254419 0.0113884546 -0.0297416096 0.0258296649 0.0092796398 0.9996232874 0.0118300992 0.0000000000 0.0000000000 0.0000000000 1.0000000000
0.7152894459 0.6983765858 -0.0251227573 0.0467239754 -0.6983500494 0.7156676652 0.0112694915 -0.0291383273 0.0258498940 0.0094835305 0.9996208509 0.0137570101 0.0000000000 0.0000000000 0.0000000000 1.0000000000
0.7155323898 0.6981334933 -0.0249604635 0.0480037661 -0.6981038412 0.7159069405 0.0113260492 -0.0296830592 0.0257764634 0.0093208404 0.9996242774 0.0131194533 0.0000000000 0.0000000000 0.0000000000 1.0000000000
0.7145978966 0.6991058603 -0.0245120861 0.0484569243 -0.6990859107 0.7149561346 0.0107988439 -0.0312738256 0.0250746013 0.0094192229 0.9996412069 0.0124188682 0.0000000000 0.0000000000 0.0000000000 1.0000000000
0.7128115212 0.7009647828 -0.0234117180 0.0491851829 -0.7009376813 0.7131419699 0.0107190392 -0.0320116452 0.0242095477 0.0087695006 0.9996684419 0.0109383113 0.0000000000 0.0000000000 0.0000000000 1.0000000000
0.7127586727 0.7012802548 -0.0134565506 0.0500851049 -0.7013378741 0.7128287496 0.0006000785 -0.0326611980 0.0100130393 0.0090098775 0.9999092765 0.0106281465 0.0000000000 0.0000000000 0.0000000000 1.0000000000
0.7144404712 0.6996380457 0.0090231980 0.0515882660 -0.6993669313 0.7144404511 -0.0214647905 -0.0352199521 -0.0214641217 0.0090247887 0.9997288856 0.0103196096 0.0000000000 0.0000000000 0.0000000000 1.0000000000
0.7059135407 0.7079193924 0.0231561409 0.0563123208 -0.7070274720 0.7062279064 -0.0368007901 -0.0405866425 -0.0424055059 0.0096061483 0.9990543003 0.0106422014 0.0000000000 0.0000000000 0.0000000000 1.0000000000
0.6998117685 0.7143272945 0.0000709380 0.0614864853 -0.7142462394 0.6997338496 -0.0149949706 -0.0504544069 -0.0107609545 0.0104429897 0.9998875666 0.0119120965 0.0000000000 0.0000000000 0.0000000000 1.0000000000
0.7024977017 0.7116834633 -0.0019045041 0.0616583916 -0.7116169498 0.7023897367 -0.0158105807 -0.0640538837 -0.0099144247 0.0124621740 0.9998731912 0.0156267674 0.0000000000 0.0000000000 0.0000000000 1.0000000000
0.6983272765 0.7149212149 -0.0350238685 0.0549096632 -0.7155142041 0.6985629953 -0.0070117953 -0.0775431509 0.0194534973 0.0299566033 0.9993618781 0.0323174857 0.0000000000 0.0000000000 0.0000000000 1.0000000000
0.6943330167 0.7185791807 -0.0393144129 0.0441924830 -0.7196055857 0.6938823410 -0.0263647084 -0.0896979662 0.0083344463 0.0465967586 0.9988790112 0.0568300431 0.0000000000 0.0000000000 0.0000000000 1.0000000000
0.6934960528 0.7181814766 -0.0572589850 0.0201552422 -0.7201936478 0.6932090255 -0.0279706408 -0.1001928705 0.0196044490 0.0606350862 0.9979674603 0.0815270873 0.0000000000 0.0000000000 0.0000000000 1.0000000000
0.6913371085 0.7190347381 -0.0710073784 -0.0111343830 -0.7214619191 0.6923187525 -0.0136910299 -0.1199039008 0.0393154135 0.0606942366 0.9973818265 0.1032973511 0.0000000000 0.0000000000 0.0000000000 1.0000000000
0.6867287331 0.7234596274 -0.0707800436 -0.0521657811 -0.7255491833 0.6881459785 -0.0057874819 -0.1408816607 0.0445199929 0.0553288330 0.9974751578 0.1208441380 0.0000000000 0.0000000000 0.0000000000 1.0000000000
0.6787766243 0.7297288198 -0.0822079308 -0.1024303837 -0.7315645369 0.6816883919 0.0106894657 -0.1653138164 0.0638406034 0.0528846474 0.9965578716 0.1397282898 0.0000000000 0.0000000000 0.0000000000 1.0000000000
0.6651904546 0.7415273591 -0.0875147691 -0.1595035537 -0.7421992916 0.6694590453 0.0310611999 -0.1964264599 0.0816202833 0.0442917859 0.9956788473 0.1537389571 0.0000000000 0.0000000000 0.0000000000 1.0000000000
0.6448447061 0.7611116990 -0.0698876719 -0.2218922255 -0.7604164572 0.6480911112 0.0417698839 -0.2348904367 0.0770851262 0.0262086474 0.9966799838 0.1606595827 0.0000000000 0.0000000000 0.0000000000 1.0000000000
0.6204561790 0.7809311617 -0.0719767362 -0.2870522824 -0.7772800046 0.6245547201 0.0759420572 -0.2772228090 0.1042589293 0.0088273592 0.9945110122 0.1594723866 0.0000000000 0.0000000000 0.0000000000 1.0000000000
0.5937047845 0.8024087718 -0.0604548742 -0.3479631639 -0.7958318238 0.5966273441 0.1033804648 -0.3171332757 0.1190224228 -0.0132655638 0.9928029450 0.1481993094 0.0000000000 0.0000000000 0.0000000000 1.0000000000
0.5573952796 0.8293813617 -0.0379085634 -0.4001429972 -0.8234439764 0.5580844902 0.1023802695 -0.3533462113 0.1060684686 -0.0258507008 0.9940227468 0.1359253841 0.0000000000 0.0000000000 0.0000000000 1.0000000000
0.5166925665 0.8558056386 -0.0250100097 -0.4370190799 -0.8514766126 0.5166950414 0.0895198990 -0.3902213878 0.0895341823 -0.0249588280 0.9956709733 0.1269799901 0.0000000000 0.0000000000 0.0000000000 1.0000000000
0.4791473466 0.8773652048 -0.0254581534 -0.4671553390 -0.8745589070 0.4796779635 0.0711039344 -0.4305606524 0.0745958331 -0.0118046067 0.9971439780 0.1228144666 0.0000000000 0.0000000000 0.0000000000 1.0000000000
0.4646138401 0.8838464536 -0.0543086186 -0.4840833818 -0.8829339692 0.4670661304 0.0477162018 -0.4674262522 0.0675395121 0.0257813165 0.9973834458 0.1250805987 0.0000000000 0.0000000000 0.0000000000 1.0000000000
0.4810312485 0.8737123167 -0.0723583136 -0.4875216357 -0.8747156970 0.4838578277 0.0274600067 -0.5059951161 0.0590032825 0.0500838314 0.9970006131 0.1214666248 0.0000000000 0.0000000000 0.0000000000 1.0000000000
0.5005058092 0.8630462262 -0.0681553112 -0.4777379703 -0.8637501335 0.5031349514 0.0281234365 -0.5487235247 0.0585631449 0.0447932158 0.9972782590 0.1086173784 0.0000000000 0.0000000000 0.0000000000 1.0000000000
0.5054875889 0.8606700411 -0.0610686323 -0.4561427419 -0.8595393019 0.5084737698 0.0514452514 -0.6023104146 0.0753291843 0.0264859535 0.9968069062 0.0961270299 0.0000000000 0.0000000000 0.0000000000 1.0000000000
0.5041219938 0.8614126879 -0.0618805011 -0.4287391959 -0.8587740534 0.5075870472 0.0697317340 -0.6605728351 0.0914775412 0.0179880680 0.9956446599 0.0908808478 0.0000000000 0.0000000000 0.0000000000 1.0000000000
0.5061291756 0.8597556028 -0.0682170143 -0.4013014137 -0.8578443956 0.5100147188 0.0631504517 -0.7185562017 0.0890856360 0.0265572973 0.9956698546 0.0949687428 0.0000000000 0.0000000000 0.0000000000 1.0000000000
0.4978468063 0.8634252981 -0.0815187837 -0.3749073043 -0.8624590422 0.5027777654 0.0581284711 -0.7778234000 0.0911754245 0.0413675384 0.9949752604 0.0998440425 0.0000000000 0.0000000000 0.0000000000 1.0000000000
0.4932322162 0.8659929752 -0.0823295076 -0.3518249309 -0.8648821360 0.4983356627 0.0603362091 -0.8360302332 0.0932784630 0.0414455583 0.9947770575 0.1005429911 0.0000000000 0.0000000000 0.0000000000 1.0000000000
0.4937263149 0.8664339900 -0.0743402110 -0.3303597084 -0.8630960770 0.4986795877 0.0798988778 -0.8896608508 0.1062990493 0.0247145659 0.9940270129 0.0950495764 0.0000000000 0.0000000000 0.0000000000 1.0000000000
0.5022021452 0.8622524339 -0.0656791105 -0.3093983201 -0.8576560905 0.5063522888 0.0896291810 -0.9423380832 0.1105397474 0.0113181222 0.9938072571 0.0909662058 0.0000000000 0.0000000000 0.0000000000 1.0000000000
0.5155648910 0.8539376790 -0.0705923753 -0.2881972133 -0.8493972910 0.5201856763 0.0890567470 -0.9946201215 0.1127700543 0.0140464403 0.9935218228 0.0919431252 0.0000000000 0.0000000000 0.0000000000 1.0000000000
0.5371226618 0.8399013099 -0.0778783398 -0.2679383779 -0.8335759908 0.5426573230 0.1033155235 -1.0484371521 0.1290360949 0.0094244052 0.9915951123 0.0961312189 0.0000000000 0.0000000000 0.0000000000 1.0000000000
0.5617116678 0.8256612827 -0.0525685129 -0.2464538202 -0.8186697628 0.5638777341 0.1087277357 -1.1002406071 0.1194144957 -0.0180373858 0.9926806289 0.0947247398 0.0000000000 0.0000000000 0.0000000000 1.0000000000
0.5832523208 0.8118097126 -0.0279592720 -0.2225239902 -0.8051755627 0.5823465134 0.1120930491 -1.1491138604 0.1072802105 -0.0428664084 0.9933042975 0.0889953746 0.0000000000 0.0000000000 0.0000000000 1.0000000000
0.5970274642 0.8011776979 -0.0408962508 -0.1933674762 -0.7940760727 0.5974434712 0.1118234748 -1.1965116499 0.1140236722 -0.0342869513 0.9928862005 0.0854539205 0.0000000000 0.0000000000 0.0000000000 1.0000000000
0.6084214303 0.7921743349 -0.0477826980 -0.1626689574 -0.7871792350 0.6100450312 0.0905202297 -1.2444828577 0.1008574003 -0.0174609000 0.9947476573 0.0770554286 0.0000000000 0.0000000000 0.0000000000 1.0000000000
0.6189966832 0.7838799191 -0.0487378561 -0.1290000613 -0.7793836553 0.6207383702 0.0851175285 -1.2930467062 0.0969753787 -0.0147019794 0.9951781889 0.0666117038 0.0000000000 0.0000000000 0.0000000000 1.0000000000
0.6237331839 0.7799559051 -0.0512415978 -0.0882015371 -0.7742459078 0.6255001381 0.0963994373 -1.3460185553 0.1072389369 -0.0204539305 0.9940228605 0.0637715859 0.0000000000 0.0000000000 0.0000000000 1.0000000000
0.6183503365 0.7831515812 -0.0656997880 -0.0411809024 -0.7763886300 0.6216948926 0.1035188664 -1.4036722781 0.1219161865 -0.0130023575 0.9924552293 0.0731620723 0.0000000000 0.0000000000 0.0000000000 1.0000000000
0.6154124861 0.7835204574 -0.0858088854 0.0008149330 -0.7764659516 0.6213625886 0.1049245415 -1.4569229835 0.1355289559 0.0020558049 0.9907712530 0.0847735374 0.0000000000 0.0000000000 0.0000000000 1.0000000000
0.6068902594 0.7883222288 -0.1011547161 0.0332731875 -0.7829175832 0.6148785646 0.0946805614 -1.5110053473 0.1368366579 0.0217350954 0.9903551457 0.0901747702 0.0000000000 0.0000000000 0.0000000000 1.0000000000
0.6058419307 0.7892911557 -0.0998750543 0.0633133267 -0.7840991850 0.6136262524 0.0930123133 -1.5654285790 0.1346997515 0.0219611892 0.9906430654 0.0865257520 0.0000000000 0.0000000000 0.0000000000 1.0000000000
0.6097686508 0.7881021758 -0.0841258167 0.1006207512 -0.7827312113 0.6154705420 0.0923464277 -1.6249440533 0.1245553826 0.0095379458 0.9921668127 0.0744313840 0.0000000000 0.0000000000 0.0000000000 1.0000000000
0.6135972152 0.7861673498 -0.0737519877 0.1425688454 -0.7815663638 0.6179898773 0.0851030581 -1.6929208102 0.1124832275 0.0054230733 0.9936388246 0.0613634394 0.0000000000 0.0000000000 0.0000000000 1.0000000000
0.6169520678 0.7836633540 -0.0724009223 0.1857956612 -0.7802631744 0.6210884649 0.0737461688 -1.7681558823 0.1027595477 0.0109939221 0.9946454690 0.0537406377 0.0000000000 0.0000000000 0.0000000000 1.0000000000
0.6191117972 0.7824974834 -0.0663194624 0.2303898878 -0.7787492348 0.6226394894 0.0766139389 -1.8465149588 0.1012433306 0.0042136372 0.9948527696 0.0557574891 0.0000000000 0.0000000000 0.0000000000 1.0000000000
0.6193696418 0.7829262871 -0.0583753018 0.2736864446 -0.7778395926 0.6220318996 0.0896765527 -1.9232818228 0.1065214303 -0.0101363133 0.9942587390 0.0595082546 0.0000000000 0.0000000000 0.0000000000 1.0000000000
0.6242279565 0.7802660927 -0.0390420670 0.3179028018 -0.7757504767 0.6249805162 0.0872384794 -1.9962343209 0.0924697587 -0.0241697956 0.9954221038 0.0544722776 0.0000000000 0.0000000000 0.0000000000 1.0000000000
0.6319983489 0.7743888770 -0.0299992367 0.3727392761 -0.7716281191 0.6323924991 0.0683357367 -2.0718564130 0.0718897266 -0.0200398182 0.9972112479 0.0387997705 0.0000000000 0.0000000000 0.0000000000 1.0000000000
0.6386487052 0.7689796168 -0.0282520848 0.4376924151 -0.7669817829 0.6390977674 0.0573845667 -2.1551274333 0.0621834064 -0.0149797448 0.9979523191 0.0159257089 0.0000000000 0.0000000000 0.0000000000 1.0000000000
0.6357774968 0.7714565075 -0.0253343954 0.5088657252 -0.7697149485 0.6361111589 0.0538654959 -2.2476727972 0.0576703790 -0.0147462073 0.9982267662 0.0025193242 0.0000000000 0.0000000000 0.0000000000 1.0000000000
0.6338242698 0.7729907068 -0.0274255757 0.5805548451 -0.7713116279 0.6343037175 0.0523179384 -2.3395734688 0.0578374248 -0.0120067137 0.9982538110 0.0088575479 0.0000000000 0.0000000000 0.0000000000 1.0000000000
0.6276576765 0.7767067389 -0.0526543725 0.6498577206 -0.7762664427 0.6295399228 0.0330135661 -2.4344451168 0.0587898888 0.0201526043 0.9980669424 0.0276792735 0.0000000000 0.0000000000 0.0000000000 1.0000000000
0.6257965230 0.7758493646 -0.0802276462 0.7177874874 -0.7773160297 0.6288501684 0.0180902091 -2.5297391640 0.0644864461 0.0510414455 0.9966123966 0.0402909095 0.0000000000 0.0000000000 0.0000000000 1.0000000000
0.6281409066 0.7723494264 -0.0944212109 0.7846714821 -0.7729372359 0.6333174265 0.0384326249 -2.6305690424 0.0894820141 0.0488405659 0.9947902132 0.0306010806 0.0000000000 0.0000000000 0.0000000000 1.0000000000
0.6447418223 0.7598989745 -0.0828343597 0.8549796637 -0.7586912808 0.6493775190 0.0519266619 -2.7322869657 0.0932497881 0.0293664158 0.9952095712 0.0169626431 0.0000000000 0.0000000000 0.0000000000 1.0000000000
0.6615877274 0.7461705864 -0.0743716003 0.9295173945 -0.7412696902 0.6657534037 0.0853911690 -2.8336854204 0.1132295247 -0.0013643363 0.9935679208 0.0211078119 0.0000000000 0.0000000000 0.0000000000 1.0000000000
0.6862421145 0.7261605952 -0.0419827387 1.0066125704 -0.7197949926 0.6862702899 0.1045383080 -2.9321571493 0.1047231063 -0.0415196244 0.9936343351 0.0273801351 0.0000000000 0.0000000000 0.0000000000 1.0000000000
0.7050696223 0.7073106260 -0.0508773629 1.0892448149 -0.7003037344 0.7057810914 0.1069940681 -3.0251100531 0.1115863220 -0.0398086600 0.9929570803 0.0355058736 0.0000000000 0.0000000000 0.0000000000 1.0000000000
0.7102542750 0.7018119088 -0.0547622993 1.1768329859 -0.6944431108 0.7112824154 0.1087478341 -3.1187847651 0.1152719856 -0.0392093126 0.9925598214 0.0191351442 0.0000000000 0.0000000000 0.0000000000 1.0000000000
0.7050561905 0.7075660019 -0.0473932605 1.2674092587 -0.7007322874 0.7053955794 0.1067302111 -3.2086609087 0.1089496653 -0.0420408082 0.9931578630 -0.0029670283 0.0000000000 0.0000000000 0.0000000000 1.0000000000
0.7090513002 0.7029400372 -0.0558709025 1.3596872035 -0.6969960256 0.7106613757 0.0956919505 -3.2933336068 0.1069709957 -0.0289087049 0.9938417846 0.0035668315 0.0000000000 0.0000000000 0.0000000000 1.0000000000
0.7097988514 0.7003025862 -0.0759070368 1.4521625013 -0.6980418255 0.7137426242 0.0575245708 -3.3810949647 0.0944626934 0.0121554122 0.9954541906 0.0271143070 0.0000000000 0.0000000000 0.0000000000 1.0000000000
0.7157505540 0.6925201397 -0.0900943983 1.5396580502 -0.6920378968 0.7206623092 0.0415858825 -3.4755904655 0.0937266983 0.0325836195 0.9950646279 0.0350552215 0.0000000000 0.0000000000 0.0000000000 1.0000000000
0.7209436473 0.6894743182 -0.0697525761 1.6306387006 -0.6877175525 0.7242181146 0.0505241582 -3.5783646801 0.0853511887 0.0115450000 0.9962840396 0.0078400955 0.0000000000 0.0000000000 0.0000000000 1.0000000000
0.7372988914 0.6739594733 -0.0465722356 1.7228813636 -0.6727539044 0.7387665859 0.0403251241 -3.6780816925 0.0615835108 0.0015999840 0.9981006519 -0.0215719955 0.0000000000 0.0000000000 0.0000000000 1.0000000000
0.7477670677 0.6626955970 -0.0409750937 1.8197830142 -0.6615854133 0.7488871909 0.0383759848 -3.7767088267 0.0561173190 -0.0015877733 0.9984229191 -0.0201802751 0.0000000000 0.0000000000 0.0000000000 1.0000000000
0.7536883027 0.6570174909 -0.0167916334 1.9220982583 -0.6554790490 0.7532974661 0.0537600582 -3.8724766786 0.0479703935 -0.0295117631 0.9984126888 -0.0142505335 0.0000000000 0.0000000000 0.0000000000 1.0000000000
0.7552490803 0.6546865065 -0.0313752285 2.0225331051 -0.6515683530 0.7551234735 0.0724377049 -3.9671337015 0.0711161595 -0.0342654040 0.9968793176 -0.0128171470 0.0000000000 0.0000000000 0.0000000000 1.0000000000
0.7514498930 0.6580598432 -0.0477524972 2.1274306024 -0.6543815483 0.7525834762 0.0735044263 -4.0628049446 0.0843080516 -0.0239865402 0.9961509917 -0.0257770838 0.0000000000 0.0000000000 0.0000000000 1.0000000000
0.7439347059 0.6655467318 -0.0600724667 2.2351545869 -0.6625142133 0.7463157920 0.0639347779 -4.1563028041 0.0873846131 -0.0077644372 0.9961443886 -0.0249397444 0.0000000000 0.0000000000 0.0000000000 1.0000000000
0.7378263652 0.6683253792 -0.0946226316 2.3350536085 -0.6667325469 0.7434640271 0.0522393650 -4.2533259929 0.1052614162 0.0245444074 0.9941416430 0.0033148397 0.0000000000 0.0000000000 0.0000000000 1.0000000000
0.7366878518 0.6681117275 -0.1044879352 2.4366873894 -0.6692309495 0.7424821336 0.0291584898 -4.3511289667 0.0970615541 0.0484458549 0.9940986138 0.0305420889 0.0000000000 0.0000000000 0.0000000000 1.0000000000
0.7366205425 0.6686210255 -0.1016666153 2.5340297097 -0.6687547992 0.7425200122 0.0378292225 -4.4513200243 0.1007829100 0.0401242545 0.9940990138 0.0266087466 0.0000000000 0.0000000000 0.0000000000 1.0000000000
0.7485235551 0.6580226909 -0.0819672235 2.6324734493 -0.6564939648 0.7527893899 0.0482058980 -4.5512976393 0.0934246309 0.0177277374 0.9954685157 -0.0045085374 0.0000000000 0.0000000000 0.0000000000 1.0000000000
0.7702143865 0.6328106262 -0.0795016366 2.7319822978 -0.6313953578 0.7741514566 0.0450491335 -4.6431070249 0.0900538782 0.0154994736 0.9958162809 -0.0144581465 0.0000000000 0.0000000000 0.0000000000 1.0000000000
0.7867280022 0.6139159348 -0.0645466935 2.8383550621 -0.6130030025 0.7892849960 0.0354473416 -4.7370148048 0.0727074246 0.0116799006 0.9972849193 -0.0021387660 0.0000000000 0.0000000000 0.0000000000 1.0000000000
0.8008674020 0.5975800600 -0.0388519797 2.9449250138 -0.5964449586 0.8017803190 0.0374397047 -4.8269431505 0.0535239737 -0.0068111716 0.9985433352 -0.0002810357 0.0000000000 0.0000000000 0.0000000000 1.0000000000
0.8037735428 0.5935007537 -0.0412910072 3.0535305521 -0.5918286856 0.8047317287 0.0463211789 -4.9187212797 0.0607198382 -0.0127945355 0.9980728436 -0.0205817719 0.0000000000 0.0000000000 0.0000000000 1.0000000000
0.7954697678 0.6051172780 -0.0325718951 3.1646270142 -0.6036614104 0.7959740741 0.0449241021 -5.0126615571 0.0531107344 -0.0160733690 0.9984592614 -0.0487945602 0.0000000000 0.0000000000 0.0000000000 1.0000000000
0.7886355084 0.6142913556 -0.0264606365 3.2805709398 -0.6134788949 0.7890176813 0.0330869166 -5.1029141572 0.0412029169 -0.0098604752 0.9991021423 -0.0448723797 0.0000000000 0.0000000000 0.0000000000 1.0000000000
0.7839288496 0.6181650819 -0.0576844031 3.3964265244 -0.6184932437 0.7856631440 0.0141255642 -5.1961349345 0.0540524400 0.0246039763 0.9982349313 -0.0155339835 0.0000000000 0.0000000000 0.0000000000 1.0000000000
0.7814856797 0.6196477829 -0.0729161001 3.5135114797 -0.6210690520 0.7837457756 0.0039739088 -5.2940498594 0.0596101092 0.0421803803 0.9973301612 -0.0012543923 0.0000000000 0.0000000000 0.0000000000 1.0000000000
0.7820731112 0.6185295059 -0.0760453748 3.6269758296 -0.6188463448 0.7851991948 0.0221681313 -5.3952358498 0.0734224104 0.0297233028 0.9968579011 -0.0240055678 0.0000000000 0.0000000000 0.0000000000 1.0000000000
0.8032321019 0.5926538588 -0.0598297091 3.7431888244 -0.5928349651 0.8051529538 0.0165959348 -5.4838690831 0.0580077119 0.0221387559 0.9980706292 -0.0427184323 0.0000000000 0.0000000000 0.0000000000 1.0000000000
0.8276856735 0.5600597382 -0.0356302616 3.8618489422 -0.5596793931 0.8284477814 0.0208146700 -5.5696054594 0.0411752698 0.0027135190 0.9991482543 -0.0279677593 0.0000000000 0.0000000000 0.0000000000 1.0000000000
0.8508105281 0.5254145854 -0.0078076053 3.9899968248 -0.5240879509 0.8495528637 0.0599312227 -5.6510838300 0.0381217120 -0.0468982434 0.9981719741 -0.0149653789 0.0000000000 0.0000000000 0.0000000000 1.0000000000
0.8656226200 0.5002209590 -0.0218282362 4.1220625480 -0.4963003877 0.8629705230 0.0946984775 -5.7238992245 0.0662072876 -0.0711397821 0.9952666610 -0.0247134288 0.0000000000 0.0000000000 0.0000000000 1.0000000000
0.8719341823 0.4884507328 -0.0338624194 4.2612641669 -0.4840733373 0.8703703757 0.0901577126 -5.7940086450 0.0735104475 -0.0622196971 0.9953516582 -0.0483825220 0.0000000000 0.0000000000 0.0000000000 1.0000000000
0.8776073394 0.4761687058 -0.0553960419 4.3964441015 -0.4724603452 0.8787082792 0.0682127717 -5.8650459955 0.0811577479 -0.0336915960 0.9961316662 -0.0417617720 0.0000000000 0.0000000000 0.0000000000 1.0000000000
0.8832426523 0.4606525208 -0.0876451489 4.5272894304 -0.4599476014 0.8874629949 0.0292854357 -5.9352693994 0.0912722361 0.0144460302 0.9957211915 -0.0075096384 0.0000000000 0.0000000000 0.0000000000 1.0000000000
0.8858259572 0.4533123718 -0.0990972611 4.6600993647 -0.4547090815 0.8905913243 0.0093136599 -6.0071206948 0.0924771583 0.0368101429 0.9950341645 0.0077417045 0.0000000000 0.0000000000 0.0000000000 1.0000000000
0.8889713401 0.4489475531 -0.0904215187 4.7906806537 -0.4470246130 0.8935516485 0.0416466900 -6.0794090825 0.0994934767 0.0033979306 0.9950324126 -0.0226383631 0.0000000000 0.0000000000 0.0000000000 1.0000000000
0.9085086979 0.4119419221 -0.0701127567 4.9126840433 -0.4095146034 0.9111066500 0.0467168273 -6.1404992542 0.0831248185 -0.0137304461 0.9964445491 -0.0535166025 0.0000000000 0.0000000000 0.0000000000 1.0000000000
0.9283125928 0.3678836770 -0.0538268538 5.0402540424 -0.3658648519 0.9296343450 0.0438508229 -6.1975169713 0.0661712939 -0.0210139172 0.9975869762 -0.0475168858 0.0000000000 0.0000000000 0.0000000000 1.0000000000
0.9422069363 0.3326295278 -0.0400460533 5.1776113209 -0.3298313677 0.9419104078 0.0633723327 -6.2626925252 0.0587993035 -0.0465014069 0.9971861717 -0.0319569263 0.0000000000 0.0000000000 0.0000000000 1.0000000000
0.9504596675 0.3043481946 -0.0632344601 5.3221588868 -0.2994353675 0.9510355401 0.0766150258 -6.3246208094 0.0834558637 -0.0538848581 0.9950535367 -0.0316818242 0.0000000000 0.0000000000 0.0000000000 1.0000000000
0.9514859094 0.3005080827 -0.0661018646 5.4735053567 -0.2951219536 0.9520837391 0.0802470330 -6.3832466241 0.0870493925 -0.0568458097 0.9945807947 -0.0577216911 0.0000000000 0.0000000000 0.0000000000 1.0000000000
0.9521863745 0.2979797294 -0.0674476771 5.6123054591 -0.2943696754 0.9538978982 0.0585260123 -6.4346556753 0.0817777627 -0.0358731207 0.9960047775 -0.0642799992 0.0000000000 0.0000000000 0.0000000000 1.0000000000
0.9537306391 0.2862022341 -0.0921202976 5.7448308090 -0.2845263894 0.9581629506 0.0311206321 -6.4803105908 0.0971730506 -0.0034700446 0.9952614516 -0.0325167249 0.0000000000 0.0000000000 0.0000000000 1.0000000000
0.9526868500 0.2837486498 -0.1089700402 5.8783552671 -0.2835671024 0.9587929418 0.0174869448 -6.5291294504 0.1094416024 0.0142407362 0.9938912099 -0.0058549588 0.0000000000 0.0000000000 0.0000000000 1.0000000000
0.9517097703 0.2841169790 -0.1163015709 6.0144271686 -0.2808830143 0.9587484679 0.0436589915 -6.5778323722 0.1239082137 -0.0088835530 0.9922539176 -0.0203339086 0.0000000000 0.0000000000 0.0000000000 1.0000000000
0.9618482068 0.2584605169 -0.0897005478 6.1427428058 -0.2547906279 0.9656820074 0.0503983791 -6.6230964090 0.0996481962 -0.0256207317 0.9946928245 -0.0516336023 0.0000000000 0.0000000000 0.0000000000 1.0000000000
0.9678026144 0.2372627308 -0.0840505568 6.2761992428 -0.2334700302 0.9709436263 0.0525377917 -6.6668254976 0.0940736123 -0.0312229261 0.9950755169 -0.0499905434 0.0000000000 0.0000000000 0.0000000000 1.0000000000
0.9735311980 0.2156265316 -0.0757773410 6.4112981476 -0.2098380692 0.9746547865 0.0775630837 -6.7095334221 0.0905814069 -0.0596091109 0.9941034969 -0.0374368433 0.0000000000 0.0000000000 0.0000000000 1.0000000000
0.9746826009 0.2012004678 -0.0975305040 6.5498800870 -0.1940005395 0.9778556493 0.0784991708 -6.7422632689 0.1111648242 -0.0575908056 0.9921318869 -0.0283969546 0.0000000000 0.0000000000 0.0000000000 1.0000000000
0.9733826779 0.2073100045 -0.0977175747 6.6865879741 -0.2003685377 0.9767464272 0.0762814922 -6.7729051421 0.1112592085 -0.0546715556 0.9922864554 -0.0508492056 0.0000000000 0.0000000000 0.0000000000 1.0000000000
0.9741751298 0.2138675384 -0.0724119641 6.8214766455 -0.2100506732 0.9760364638 0.0568466013 -6.7962964425 0.0828343601 -0.0401683634 0.9957534692 -0.0654503395 0.0000000000 0.0000000000 0.0000000000 1.0000000000
0.9758832859 0.1983369514 -0.0911825971 6.9562905710 -0.1970529667 0.9801238208 0.0229657201 -6.8159843249 0.0939251864 -0.0044440611 0.9955693395 -0.0433732402 0.0000000000 0.0000000000 0.0000000000 1.0000000000
0.9788006681 0.1829835966 -0.0920122569 7.0928030308 -0.1843658263 0.9828349858 -0.0066807763 -6.8473108496 0.0892103927 0.0235030641 0.9957354628 -0.0205752535 0.0000000000 0.0000000000 0.0000000000 1.0000000000
0.9816121441 0.1638657659 -0.0979061255 7.2227855448 -0.1638815564 0.9864481036 0.0079356426 -6.8829387116 0.0978796920 0.0082552851 0.9951640147 -0.0296029866 0.0000000000 0.0000000000 0.0000000000 1.0000000000
0.9873187255 0.1337541052 -0.0855077399 7.3563894493 -0.1320442394 0.9909189895 0.0253746934 -6.9155124193 0.0881252126 -0.0137621055 0.9960143329 -0.0649955214 0.0000000000 0.0000000000 0.0000000000 1.0000000000
0.9950462076 0.0795828055 -0.0595787032 7.4838725591 -0.0786189229 0.9967357520 0.0183549886 -6.9371137476 0.0608449650 -0.0135800483 0.9980548444 -0.0747286294 0.0000000000 0.0000000000 0.0000000000 1.0000000000
0.9982919455 0.0241839595 -0.0531820241 7.6064572797 -0.0215369353 0.9985272301 0.0497948909 -6.9503472029 0.0543079369 -0.0485644607 0.9973425395 -0.0665261628 0.0000000000 0.0000000000 0.0000000000 1.0000000000
0.9982277645 -0.0363490211 -0.0471177123 7.7240185853 0.0401203406 0.9958461812 0.0817358036 -6.9528977618 0.0439509775 -0.0834813271 0.9955396424 -0.0587528982 0.0000000000 0.0000000000 0.0000000000 1.0000000000
0.9933381775 -0.0842605878 -0.0786092775 7.8450800714 0.0901439169 0.9931336162 0.0745633603 -6.9474336799 0.0717867635 -0.0811527806 0.9941131157 -0.0648150149 0.0000000000 0.0000000000 0.0000000000 1.0000000000
0.9926309724 -0.0964131355 -0.0734047676 7.9721462333 0.1013556393 0.9925998794 0.0668768562 -6.9433192900 0.0664137561 -0.0738240260 0.9950573984 -0.0846908934 0.0000000000 0.0000000000 0.0000000000 1.0000000000
0.9902676094 -0.1066992686 -0.0893606615 8.1062866530 0.1114597289 0.9925062335 0.0500809867 -6.9352152189 0.0833474090 -0.0595536941 0.9947394468 -0.0780496073 0.0000000000 0.0000000000 0.0000000000 1.0000000000
0.9842929712 -0.1452828283 -0.1003007813 8.2297620248 0.1477993486 0.9888518718 0.0180922141 -6.9222864220 0.0965541273 -0.0326324293 0.9947926543 -0.0455453619 0.0000000000 0.0000000000 0.0000000000 1.0000000000
0.9781567836 -0.1773765128 -0.1083830215 8.3457963476 0.1780058445 0.9840216281 -0.0039185160 -6.9082949942 0.1073462899 -0.0154598882 0.9941014867 -0.0227122575 0.0000000000 0.0000000000 0.0000000000 1.0000000000
0.9686346243 -0.2166684718 -0.1216623934 8.4619479879 0.2183357300 0.9758736409 0.0003821833 -6.8864608584 0.1186443157 -0.0269334434 0.9925714664 -0.0357872454 0.0000000000 0.0000000000 0.0000000000 1.0000000000
0.9554090942 -0.2742252367 -0.1095170409 8.5718053227 0.2764737372 0.9610051380 0.0056033417 -6.8620057878 0.1037098613 -0.0356320692 0.9939691244 -0.0609618794 0.0000000000 0.0000000000 0.0000000000 1.0000000000
0.9358091719 -0.3333369437 -0.1146633147 8.6726728855 0.3358500990 0.9419113716 0.0027711152 -6.8370334042 0.1070789649 -0.0411029206 0.9934005462 -0.0590789929 0.0000000000 0.0000000000 0.0000000000 1.0000000000
0.9165060471 -0.3853557485 -0.1073201408 8.7797857463 0.3914280913 0.9192494140 0.0420067161 -6.8078089419 0.0824664470 -0.0805075272 0.9933367119 -0.0532894307 0.0000000000 0.0000000000 0.0000000000 1.0000000000
0.8963417804 -0.4282724709 -0.1146913393 8.8826111866 0.4352165068 0.8992850046 0.0432790103 -6.7646250528 0.0846049929 -0.0887083492 0.9924579709 -0.0516012868 0.0000000000 0.0000000000 0.0000000000 1.0000000000
0.8827203235 -0.4549680071 -0.1175114587 8.9839095969 0.4609707159 0.8869507369 0.0287121813 -6.7068088299 0.0911637509 -0.0795141672 0.9926563694 -0.0709572124 0.0000000000 0.0000000000 0.0000000000 1.0000000000
0.8755026178 -0.4730624424 -0.0985245746 9.0814047601 0.4775568252 0.8781839521 0.0270633530 -6.6418281818 0.0737200444 -0.0707451195 0.9947665470 -0.0829924073 0.0000000000 0.0000000000 0.0000000000 1.0000000000
0.8611813282 -0.4988129861 -0.0977359961 9.1626983677 0.4999987197 0.8659174008 -0.0137235302 -6.5735340305 0.0914767748 -0.0370494249 0.9951177517 -0.0582875663 0.0000000000 0.0000000000 0.0000000000 1.0000000000
0.8493143760 -0.5204262417 -0.0884399094 9.2488751663 0.5175777621 0.8539065286 -0.0543773899 -6.5123187676 0.1038188367 0.0004089686 0.9945961401 -0.0286886824 0.0000000000 0.0000000000 0.0000000000 1.0000000000
0.8304259797 -0.5504045174 -0.0862992433 9.3320759511 0.5466665677 0.8348746902 -0.0643421745 -6.4545064116 0.1074632775 0.0062545022 0.9941893809 -0.0259726602 0.0000000000 0.0000000000 0.0000000000 1.0000000000
0.8006014133 -0.5913542755 -0.0966307293 9.4172565510 0.5885265341 0.8063505514 -0.0586114911 -6.3957769171 0.1125783977 -0.0099453056 0.9935930733 -0.0490927319 0.0000000000 0.0000000000 0.0000000000 1.0000000000
0.7586709840 -0.6463698011 -0.0813905296 9.4947933837 0.6443842699 0.7629164922 -0.0522239278 -6.3269028831 0.0958501472 -0.0128259983 0.9953131382 -0.0659559929 0.0000000000 0.0000000000 0.0000000000 1.0000000000
0.7187363335 -0.6904685939 -0.0816774378 9.5696138171 0.6899926427 0.7227928060 -0.0384800305 -6.2553027867 0.0856051170 -0.0286998351 0.9959157010 -0.0547314722 0.0000000000 0.0000000000 0.0000000000 1.0000000000
0.6857923910 -0.7202865964 -0.1042881369 9.6376370596 0.7236965885 0.6900807807 -0.0071947105 -6.1835888521 0.0771494925 -0.0705388912 0.9945211012 -0.0490398253 0.0000000000 0.0000000000 0.0000000000 1.0000000000
0.6598105565 -0.7430497093 -0.1119247916 9.6994943483 0.7469048067 0.6648449455 -0.0106961766 -6.1105116246 0.0823604229 -0.0765397146 0.9936591130 -0.0533812283 0.0000000000 0.0000000000 0.0000000000 1.0000000000
0.6472575723 -0.7542526039 -0.1102753132 9.7525194592 0.7575555307 0.6525535574 -0.0168366443 -6.0397191516 0.0846596308 -0.0726420279 0.9937584630 -0.0603930268 0.0000000000 0.0000000000 0.0000000000 1.0000000000
0.6411890347 -0.7581824969 -0.1184733014 9.8059555757 0.7602518518 0.6486128956 -0.0363102380 -5.9552356784 0.1043730979 -0.0667878203 0.9922931238 -0.0624058996 0.0000000000 0.0000000000 0.0000000000 1.0000000000
0.6350933629 -0.7591594090 -0.1425952740 9.8637626803 0.7593588361 0.6474354129 -0.0648193186 -5.8620383678 0.1415294258 -0.0671146623 0.9876563389 -0.0477649366 0.0000000000 0.0000000000 0.0000000000 1.0000000000
0.6301983387 -0.7680405626 -0.1138584565 9.9175976570 0.7682055527 0.6380717982 -0.0521977894 -5.7684390957 0.1127398896 -0.0545717384 0.9921248120 -0.0328585386 0.0000000000 0.0000000000 0.0000000000 1.0000000000
0.6256118018 -0.7739852562 -0.0977583583 9.9740401117 0.7712587619 0.6324674950 -0.0717271914 -5.6731679116 0.1173447726 -0.0305236129 0.9926220395 -0.0274091541 0.0000000000 0.0000000000 0.0000000000 1.0000000000
0.6111751720 -0.7865333043 -0.0884888148 10.0280547015 0.7848477363 0.6167020128 -0.0607672469 -5.5813324831 0.1023666937 -0.0323108134 0.9942218421 -0.0470438940 0.0000000000 0.0000000000 0.0000000000 1.0000000000
0.5859529152 -0.8068617092 -0.0750557354 10.0790237403 0.8062926667 0.5897678429 -0.0454535702 -5.4918429830 0.0809402045 -0.0338832371 0.9961428660 -0.0671994655 0.0000000000 0.0000000000 0.0000000000 1.0000000000
0.5588029079 -0.8257493817 -0.0766633465 10.1315283165 0.8224724814 0.5636671174 -0.0762784255 -5.4034688233 0.1061994702 -0.0204288868 0.9941349672 -0.0579337575 0.0000000000 0.0000000000 0.0000000000 1.0000000000
0.5339051615 -0.8393334795 -0.1022965728 10.1788093187 0.8368372645 0.5418434119 -0.0781607938 -5.3213087100 0.1210316951 -0.0438751329 0.9916785273 -0.0401445124 0.0000000000 0.0000000000 0.0000000000 1.0000000000
0.5195602629 -0.8458243761 -0.1209886688 10.2252031497 0.8447423653 0.5297580868 -0.0759388290 -5.2369091430 0.1283256383 -0.0627494563 0.9897449350 -0.0299488736 0.0000000000 0.0000000000 0.0000000000 1.0000000000
0.5295382691 -0.8401759853 -0.1170193800 10.2770455843 0.8372240104 0.5398414884 -0.0873334063 -5.1410882832 0.1365473470 -0.0517250538 0.9892822352 -0.0347904315 0.0000000000 0.0000000000 0.0000000000 1.0000000000
0.5576019442 -0.8242451789 -0.0984883588 10.3290994186 0.8219587544 0.5648121895 -0.0732870848 -5.0396282457 0.1160339519 -0.0400883478 0.9924359155 -0.0473127889 0.0000000000 0.0000000000 0.0000000000 1.0000000000
0.5803012400 -0.8072117641 -0.1079798072 10.3784529866 0.8017148606 0.5895296925 -0.0985293046 -4.9387771163 0.1431913163 -0.0293923385 0.9892584785 -0.0399426159 0.0000000000 0.0000000000 0.0000000000 1.0000000000
0.6058942250 -0.7904460597 -0.0899289434 10.4280847869 0.7820520361 0.6125312342 -0.1148916879 -4.8510621894 0.1458999687 -0.0007169031 0.9892990878 -0.0207793401 0.0000000000 0.0000000000 0.0000000000 1.0000000000
0.6403425526 -0.7664367027 -0.0503606591 10.4841254302 0.7582005027 0.6412254210 -0.1181607260 -4.7746197952 0.1228552521 0.0374798638 0.9917166162 -0.0077511980 0.0000000000 0.0000000000 0.0000000000 1.0000000000
0.6596303446 -0.7499212318 -0.0500595100 10.5424979228 0.7414477609 0.6601890237 -0.1200236258 -4.7086077804 0.1230570043 0.0420547141 0.9915081314 -0.0104491251 0.0000000000 0.0000000000 0.0000000000 1.0000000000
0.6749028588 -0.7358545337 -0.0549930575 10.6035658052 0.7299775892 0.6766899995 -0.0960383456 -4.6474175331 0.1078835041 0.0246728545 0.9938573337 -0.0345471641 0.0000000000 0.0000000000 0.0000000000 1.0000000000
0.6903207782 -0.7221894043 -0.0435854047 10.6725529700 0.7174702534 0.6910845535 -0.0873989443 -4.5880751089 0.0932397914 0.0290620759 0.9952194417 -0.0537695274 0.0000000000 0.0000000000 0.0000000000 1.0000000000
0.7128685063 -0.6997395653 -0.0467229450 10.7481443936 0.6938680005 0.7134213013 -0.0978633983 -4.5334389422 0.1018120360 0.0373441782 0.9941024704 -0.0426436849 0.0000000000 0.0000000000 0.0000000000 1.0000000000
0.7402552508 -0.6663758933 -0.0892487115 10.8233486779 0.6595077592 0.7455133244 -0.0962257691 -4.4863278410 0.1306586364 0.0123714131 0.9913502251 -0.0275891729 0.0000000000 0.0000000000 0.0000000000 1.0000000000
0.7835849830 -0.6097744747 -0.1190363994 10.8928136160 0.6052379380 0.7924685704 -0.0753697770 -4.4519404694 0.1402911714 -0.0129867195 0.9900251170 -0.0239033024 0.0000000000 0.0000000000 0.0000000000 1.0000000000
0.8330458355 -0.5383911027 -0.1271599638 10.9578415606 0.5340432341 0.8426312594 -0.0690679720 -4.4275564877 0.1443345421 -0.0103721319 0.9894745873 -0.0253137189 0.0000000000 0.0000000000 0.0000000000 1.0000000000
0.8844961763 -0.4511662576 -0.1188087625 11.0190939937 0.4491387131 0.8923350415 -0.0448618997 -4.4090738399 0.1262573974 -0.0136814359 0.9919031646 -0.0355873498 0.0000000000 0.0000000000 0.0000000000 1.0000000000
0.9346438310 -0.3409819497 -0.1008574198 11.0790721302 0.3407339891 0.9399424655 -0.0202116372 -4.3931864275 0.1016919753 -0.0154748690 0.9946955668 -0.0413946648 0.0000000000 0.0000000000 0.0000000000 1.0000000000
0.9718076668 -0.2168710524 -0.0925030021 11.1343692941 0.2167011740 0.9761642460 -0.0119985832 -4.3794769881 0.0929002687 -0.0083851940 0.9956401100 -0.0383062978 0.0000000000 0.0000000000 0.0000000000 1.0000000000
0.9914923839 -0.1030807976 -0.0794808270 11.1813508368 0.1026497190 0.9946721855 -0.0095015079 -4.3686593057 0.0800367909 0.0012619881 0.9967911113 -0.0345250119 0.0000000000 0.0000000000 0.0000000000 1.0000000000
0.9979590480 -0.0006451410 -0.0638539140 11.2176490975 -0.0000800220 0.9999355450 -0.0113533855 -4.3641937988 0.0638571228 0.0113353235 0.9978946730 -0.0361817043 0.0000000000 0.0000000000 0.0000000000 1.0000000000
0.9946153147 0.0895591655 -0.0521491285 11.2443673337 -0.0904834268 0.9957752076 -0.0156360309 -4.3654896504 0.0505284594 0.0202704677 0.9985168917 -0.0393208234 0.0000000000 0.0000000000 0.0000000000 1.0000000000
0.9845379461 0.1672128936 -0.0522003926 11.2600922394 -0.1686141840 0.9853977596 -0.0236751402 -4.3746459756 0.0474793612 0.0321108005 0.9983559519 -0.0374677451 0.0000000000 0.0000000000 0.0000000000 1.0000000000
0.9712409478 0.2323322854 -0.0520838790 11.2670334385 -0.2335993824 0.9721345092 -0.0196424182 -4.3879490328 0.0460689682 0.0312442828 0.9984495205 -0.0376468367 0.0000000000 0.0000000000 0.0000000000 1.0000000000
0.9553120065 0.2913178896 -0.0501284085 11.2709040868 -0.2921012553 0.9563457906 -0.0089210660 -4.4053325853 0.0453412264 0.0231649725 0.9987029374 -0.0375082586 0.0000000000 0.0000000000 0.0000000000 1.0000000000
0.9372683821 0.3435623138 -0.0591009016 11.2710283922 -0.3443202080 0.9388479893 -0.0028367884 -4.4278653945 0.0545121490 0.0230084668 0.9982479832 -0.0328058159 0.0000000000 0.0000000000 0.0000000000 1.0000000000
0.9138175028 0.4011587123 -0.0633187100 11.2707770001 -0.4020112201 0.9156343981 -0.0007923906 -4.4583820488 0.0576589145 0.0261789322 0.9979930426 -0.0275260880 0.0000000000 0.0000000000 0.0000000000 1.0000000000
0.8837993461 0.4637320599 -0.0620587820 11.2669930570 -0.4649044569 0.8853459381 -0.0051396333 -4.4993013068 0.0525600778 0.0333938089 0.9980592626 -0.0281559556 0.0000000000 0.0000000000 0.0000000000 1.0000000000
0.8498802114 0.5231409868 -0.0634597048 11.2546422084 -0.5245889367 0.8513226084 -0.0075009327 -4.5502029422 0.0501006360 0.0396651534 0.9979562124 -0.0292620424 0.0000000000 0.0000000000 0.0000000000 1.0000000000
